#"arc_length" "flux" "flux"
0 4.17635e+10 4.56116e+10
0.32489 4.17635e+10 4.56116e+10
0.649796 4.17635e+10 4.56116e+10
0.974701 4.17635e+10 4.56116e+10
1.29959 4.17635e+10 4.56116e+10
1.6245 4.17635e+10 4.56116e+10
1.9494 4.17635e+10 4.56116e+10
2.27429 4.17635e+10 4.56116e+10
2.5992 4.17635e+10 4.56116e+10
2.9241 4.17635e+10 4.56116e+10
3.24899 4.17635e+10 4.56116e+10
3.5739 4.17635e+10 4.56116e+10
3.8988 4.17635e+10 4.56116e+10
4.22369 4.17635e+10 4.56116e+10
4.5486 4.17635e+10 4.56116e+10
4.87349 4.17635e+10 4.56116e+10
5.19839 4.17635e+10 4.56116e+10
5.5233 4.17635e+10 4.56116e+10
5.84819 4.17635e+10 4.56116e+10
6.1731 4.17635e+10 4.56116e+10
6.498 4.17635e+10 4.56116e+10
6.82289 4.17635e+10 4.56116e+10
7.1478 4.17635e+10 4.56116e+10
7.4727 4.17635e+10 4.56116e+10
7.79759 4.17635e+10 4.56116e+10
8.1225 4.17635e+10 4.56116e+10
8.4474 4.17635e+10 4.56116e+10
8.77229 4.17635e+10 4.56116e+10
9.0972 4.17635e+10 4.56116e+10
9.4221 4.17635e+10 4.56116e+10
9.74699 4.17635e+10 4.56116e+10
10.0719 4.17635e+10 4.56116e+10
10.3968 4.17635e+10 4.56116e+10
10.7217 4.17635e+10 4.56116e+10
11.0466 4.17635e+10 4.56116e+10
11.3715 4.17635e+10 4.56116e+10
11.6964 4.17635e+10 4.56116e+10
12.0213 4.17635e+10 4.56116e+10
12.3462 4.17635e+10 4.56116e+10
12.6711 4.17635e+10 4.56116e+10
12.996 4.17635e+10 4.56116e+10
13.3209 4.17635e+10 4.56116e+10
13.6458 4.17635e+10 4.56116e+10
13.9707 4.17635e+10 4.56116e+10
14.2956 4.17635e+10 4.56116e+10
14.6205 4.17635e+10 4.56116e+10
14.9454 4.17635e+10 4.56116e+10
15.2703 4.17635e+10 4.56116e+10
15.5952 4.17635e+10 4.56116e+10
15.9201 4.17635e+10 4.56116e+10
16.245 4.17635e+10 4.56116e+10
16.5699 4.17635e+10 4.56116e+10
16.8948 4.17635e+10 4.56116e+10
17.2197 8.99897e+11 9.2925e+11
17.5446 8.99897e+11 9.2925e+11
17.8695 8.99897e+11 9.2925e+11
18.1944 8.99897e+11 9.2925e+11
18.5193 8.99897e+11 9.2925e+11
18.8442 8.99897e+11 9.2925e+11
19.1691 8.99897e+11 9.2925e+11
19.494 8.99897e+11 9.2925e+11
19.8189 8.99897e+11 9.2925e+11
20.1438 8.99897e+11 9.2925e+11
20.4687 8.99897e+11 9.2925e+11
20.7936 8.99897e+11 9.2925e+11
21.1185 8.99897e+11 9.2925e+11
21.4434 8.99897e+11 9.2925e+11
21.7683 8.99897e+11 9.2925e+11
22.0932 8.99897e+11 9.2925e+11
22.4181 8.99897e+11 9.2925e+11
22.743 8.99897e+11 9.2925e+11
23.0679 8.99897e+11 9.2925e+11
23.3928 8.99897e+11 9.2925e+11
23.7177 8.99897e+11 9.2925e+11
24.0426 8.99897e+11 9.2925e+11
24.3675 8.99897e+11 9.2925e+11
24.6924 8.99897e+11 9.2925e+11
25.0173 8.99897e+11 9.2925e+11
25.3422 8.99897e+11 9.2925e+11
25.6671 8.99897e+11 9.2925e+11
25.992 8.99897e+11 9.2925e+11
26.3169 8.99897e+11 9.2925e+11
26.6418 8.99897e+11 9.2925e+11
26.9667 8.99897e+11 9.2925e+11
27.2916 8.99897e+11 9.2925e+11
27.6165 8.99897e+11 9.2925e+11
27.9414 8.99897e+11 9.2925e+11
28.2663 8.99897e+11 9.2925e+11
28.5912 8.99897e+11 9.2925e+11
28.9161 8.99897e+11 9.2925e+11
29.241 8.99897e+11 9.2925e+11
29.5659 8.99897e+11 9.2925e+11
29.8908 8.99897e+11 9.2925e+11
30.2157 8.99897e+11 9.2925e+11
30.5406 8.99897e+11 9.2925e+11
30.8655 8.99897e+11 9.2925e+11
31.1904 8.99897e+11 9.2925e+11
31.5153 8.99897e+11 9.2925e+11
31.8402 8.99897e+11 9.2925e+11
32.1651 8.99897e+11 9.2925e+11
32.49 8.99897e+11 9.2925e+11
32.8149 8.99897e+11 9.2925e+11
33.1398 8.99897e+11 9.2925e+11
33.4647 8.99897e+11 9.2925e+11
33.7896 8.99897e+11 9.2925e+11
34.1145 8.99897e+11 9.2925e+11
34.4394 8.33138e+12 8.94101e+12
34.7643 8.33138e+12 8.94101e+12
35.0892 8.33138e+12 8.94101e+12
35.4141 8.33138e+12 8.94101e+12
35.739 8.33138e+12 8.94101e+12
36.0639 8.33138e+12 8.94101e+12
36.3888 8.33138e+12 8.94101e+12
36.7137 8.33138e+12 8.94101e+12
37.0386 8.33138e+12 8.94101e+12
37.3635 8.33138e+12 8.94101e+12
37.6884 8.33138e+12 8.94101e+12
38.0133 8.33138e+12 8.94101e+12
38.3382 8.33138e+12 8.94101e+12
38.6631 8.33138e+12 8.94101e+12
38.988 8.33138e+12 8.94101e+12
39.3129 8.33138e+12 8.94101e+12
39.6378 8.33138e+12 8.94101e+12
39.9627 8.33138e+12 8.94101e+12
40.2876 8.33138e+12 8.94101e+12
40.6125 8.33138e+12 8.94101e+12
40.9374 8.33138e+12 8.94101e+12
41.2623 8.33138e+12 8.94101e+12
41.5872 8.33138e+12 8.94101e+12
41.9121 8.33138e+12 8.94101e+12
42.237 8.33138e+12 8.94101e+12
42.5619 8.33138e+12 8.94101e+12
42.8868 8.33138e+12 8.94101e+12
43.2117 8.33138e+12 8.94101e+12
43.5366 8.33138e+12 8.94101e+12
43.8615 8.33138e+12 8.94101e+12
44.1864 8.33138e+12 8.94101e+12
44.5113 8.33138e+12 8.94101e+12
44.8362 8.33138e+12 8.94101e+12
45.1611 8.33138e+12 8.94101e+12
45.486 8.33138e+12 8.94101e+12
45.8109 8.33138e+12 8.94101e+12
46.1358 8.33138e+12 8.94101e+12
46.4607 8.33138e+12 8.94101e+12
46.7856 8.33138e+12 8.94101e+12
47.1105 8.33138e+12 8.94101e+12
47.4354 8.33138e+12 8.94101e+12
47.7603 8.33138e+12 8.94101e+12
48.0852 8.33138e+12 8.94101e+12
48.4101 8.33138e+12 8.94101e+12
48.735 8.33138e+12 8.94101e+12
49.0599 8.33138e+12 8.94101e+12
49.3848 8.33138e+12 8.94101e+12
49.7097 8.33138e+12 8.94101e+12
50.0346 8.33138e+12 8.94101e+12
50.3595 8.33138e+12 8.94101e+12
50.6844 8.33138e+12 8.94101e+12
51.0093 8.33138e+12 8.94101e+12
51.3342 2.65742e+13 3.15586e+13
51.6591 2.65742e+13 3.15586e+13
51.984 2.65742e+13 3.15586e+13
52.3089 2.65742e+13 3.15586e+13
52.6338 2.65742e+13 3.15586e+13
52.9587 2.65742e+13 3.15586e+13
53.2836 2.65742e+13 3.15586e+13
53.6085 2.65742e+13 3.15586e+13
53.9334 2.65742e+13 3.15586e+13
54.2583 2.65742e+13 3.15586e+13
54.5832 2.65742e+13 3.15586e+13
54.9081 2.65742e+13 3.15586e+13
55.233 2.65742e+13 3.15586e+13
55.5579 2.65742e+13 3.15586e+13
55.8828 2.65742e+13 3.15586e+13
56.2077 2.65742e+13 3.15586e+13
56.5326 2.65742e+13 3.15586e+13
56.8575 2.65742e+13 3.15586e+13
57.1824 2.65742e+13 3.15586e+13
57.5073 2.65742e+13 3.15586e+13
57.8322 2.65742e+13 3.15586e+13
58.1571 2.65742e+13 3.15586e+13
58.482 2.65742e+13 3.15586e+13
58.8069 2.65742e+13 3.15586e+13
59.1318 2.65742e+13 3.15586e+13
59.4567 2.65742e+13 3.15586e+13
59.7816 2.65742e+13 3.15586e+13
60.1065 2.65742e+13 3.15586e+13
60.4314 2.65742e+13 3.15586e+13
60.7563 2.65742e+13 3.15586e+13
61.0812 2.65742e+13 3.15586e+13
61.4061 2.65742e+13 3.15586e+13
61.731 2.65742e+13 3.15586e+13
62.0559 2.65742e+13 3.15586e+13
62.3808 2.65742e+13 3.15586e+13
62.7057 2.65742e+13 3.15586e+13
63.0306 2.65742e+13 3.15586e+13
63.3555 2.65742e+13 3.15586e+13
63.6804 2.65742e+13 3.15586e+13
64.0053 2.65742e+13 3.15586e+13
64.3302 2.65742e+13 3.15586e+13
64.6551 2.65742e+13 3.15586e+13
64.98 2.65742e+13 3.15586e+13
65.3049 2.65742e+13 3.15586e+13
65.6298 2.65742e+13 3.15586e+13
65.9547 2.65742e+13 3.15586e+13
66.2796 2.65742e+13 3.15586e+13
66.6045 2.65742e+13 3.15586e+13
66.9294 2.65742e+13 3.15586e+13
67.2543 2.65742e+13 3.15586e+13
67.5792 2.65742e+13 3.15586e+13
67.9041 2.65742e+13 3.15586e+13
68.229 2.65742e+13 3.15586e+13
68.5539 4.88661e+13 6.74817e+13
68.8788 4.88661e+13 6.74817e+13
69.2037 4.88661e+13 6.74817e+13
69.5286 4.88661e+13 6.74817e+13
69.8535 4.88661e+13 6.74817e+13
70.1784 4.88661e+13 6.74817e+13
70.5033 4.88661e+13 6.74817e+13
70.8282 4.88661e+13 6.74817e+13
71.1531 4.88661e+13 6.74817e+13
71.478 4.88661e+13 6.74817e+13
71.8029 4.88661e+13 6.74817e+13
72.1278 4.88661e+13 6.74817e+13
72.4527 4.88661e+13 6.74817e+13
72.7776 4.88661e+13 6.74817e+13
73.1025 4.88661e+13 6.74817e+13
73.4274 4.88661e+13 6.74817e+13
73.7523 4.88661e+13 6.74817e+13
74.0772 4.88661e+13 6.74817e+13
74.4021 4.88661e+13 6.74817e+13
74.727 4.88661e+13 6.74817e+13
75.0519 4.88661e+13 6.74817e+13
75.3768 4.88661e+13 6.74817e+13
75.7017 4.88661e+13 6.74817e+13
76.0266 4.88661e+13 6.74817e+13
76.3515 4.88661e+13 6.74817e+13
76.6764 4.88661e+13 6.74817e+13
77.0013 4.88661e+13 6.74817e+13
77.3262 4.88661e+13 6.74817e+13
77.6511 4.88661e+13 6.74817e+13
77.976 4.88661e+13 6.74817e+13
78.3009 4.88661e+13 6.74817e+13
78.6258 4.88661e+13 6.74817e+13
78.9507 4.88661e+13 6.74817e+13
79.2756 4.88661e+13 6.74817e+13
79.6005 4.88661e+13 6.74817e+13
79.9254 4.88661e+13 6.74817e+13
80.2503 4.88661e+13 6.74817e+13
80.5752 4.88661e+13 6.74817e+13
80.9001 4.88661e+13 6.74817e+13
81.225 4.88661e+13 6.74817e+13
81.5499 4.88661e+13 6.74817e+13
81.8748 4.88661e+13 6.74817e+13
82.1997 4.88661e+13 6.74817e+13
82.5246 4.88661e+13 6.74817e+13
82.8495 4.88661e+13 6.74817e+13
83.1744 4.88661e+13 6.74817e+13
83.4993 4.88661e+13 6.74817e+13
83.8242 4.88661e+13 6.74817e+13
84.1491 4.88661e+13 6.74817e+13
84.474 4.88661e+13 6.74817e+13
84.7989 4.88661e+13 6.74817e+13
85.1238 4.88661e+13 6.74817e+13
85.4487 4.88661e+13 6.74817e+13
85.7736 6.9738e+13 7.09297e+13
86.0985 6.9738e+13 7.09297e+13
86.4234 6.9738e+13 7.09297e+13
86.7483 6.9738e+13 7.09297e+13
87.0732 6.9738e+13 7.09297e+13
87.3981 6.9738e+13 7.09297e+13
87.723 6.9738e+13 7.09297e+13
88.0479 6.9738e+13 7.09297e+13
88.3728 6.9738e+13 7.09297e+13
88.6977 6.9738e+13 7.09297e+13
89.0226 6.9738e+13 7.09297e+13
89.3475 6.9738e+13 7.09297e+13
89.6724 6.9738e+13 7.09297e+13
89.9973 6.9738e+13 7.09297e+13
90.3222 6.9738e+13 7.09297e+13
90.6471 6.9738e+13 7.09297e+13
90.972 6.9738e+13 7.09297e+13
91.2969 6.9738e+13 7.09297e+13
91.6218 6.9738e+13 7.09297e+13
91.9467 6.9738e+13 7.09297e+13
92.2716 6.9738e+13 7.09297e+13
92.5965 6.9738e+13 7.09297e+13
92.9214 6.9738e+13 7.09297e+13
93.2463 6.9738e+13 7.09297e+13
93.5712 6.9738e+13 7.09297e+13
93.8961 6.9738e+13 7.09297e+13
94.221 6.9738e+13 7.09297e+13
94.5459 6.9738e+13 7.09297e+13
94.8708 6.9738e+13 7.09297e+13
95.1957 6.9738e+13 7.09297e+13
95.5206 6.9738e+13 7.09297e+13
95.8455 6.9738e+13 7.09297e+13
96.1704 6.9738e+13 7.09297e+13
96.4953 6.9738e+13 7.09297e+13
96.8202 6.9738e+13 7.09297e+13
97.1451 6.9738e+13 7.09297e+13
97.47 6.9738e+13 7.09297e+13
97.7949 6.9738e+13 7.09297e+13
98.1198 6.9738e+13 7.09297e+13
98.4447 6.9738e+13 7.09297e+13
98.7696 6.9738e+13 7.09297e+13
99.0945 6.9738e+13 7.09297e+13
99.4194 6.9738e+13 7.09297e+13
99.7443 6.9738e+13 7.09297e+13
100.069 6.9738e+13 7.09297e+13
100.394 6.9738e+13 7.09297e+13
100.719 6.9738e+13 7.09297e+13
101.044 6.9738e+13 7.09297e+13
101.369 6.9738e+13 7.09297e+13
101.694 6.9738e+13 7.09297e+13
102.019 6.9738e+13 7.09297e+13
102.343 6.9738e+13 7.09297e+13
102.668 5.47817e+13 5.76563e+13
102.993 5.47817e+13 5.76563e+13
103.318 5.47817e+13 5.76563e+13
103.643 5.47817e+13 5.76563e+13
103.968 5.47817e+13 5.76563e+13
104.293 5.47817e+13 5.76563e+13
104.618 5.47817e+13 5.76563e+13
104.943 5.47817e+13 5.76563e+13
105.268 5.47817e+13 5.76563e+13
105.592 5.47817e+13 5.76563e+13
105.917 5.47817e+13 5.76563e+13
106.242 5.47817e+13 5.76563e+13
106.567 5.47817e+13 5.76563e+13
106.892 5.47817e+13 5.76563e+13
107.217 5.47817e+13 5.76563e+13
107.542 5.47817e+13 5.76563e+13
107.867 5.47817e+13 5.76563e+13
108.192 5.47817e+13 5.76563e+13
108.517 5.47817e+13 5.76563e+13
108.841 5.47817e+13 5.76563e+13
109.166 5.47817e+13 5.76563e+13
109.491 5.47817e+13 5.76563e+13
109.816 5.47817e+13 5.76563e+13
110.141 5.47817e+13 5.76563e+13
110.466 5.47817e+13 5.76563e+13
110.791 5.47817e+13 5.76563e+13
111.116 5.47817e+13 5.76563e+13
111.441 5.47817e+13 5.76563e+13
111.766 5.47817e+13 5.76563e+13
112.09 5.47817e+13 5.76563e+13
112.415 5.47817e+13 5.76563e+13
112.74 5.47817e+13 5.76563e+13
113.065 5.47817e+13 5.76563e+13
113.39 5.47817e+13 5.76563e+13
113.715 5.47817e+13 5.76563e+13
114.04 5.47817e+13 5.76563e+13
114.365 5.47817e+13 5.76563e+13
114.69 5.47817e+13 5.76563e+13
115.015 5.47817e+13 5.76563e+13
115.339 5.47817e+13 5.76563e+13
115.664 5.47817e+13 5.76563e+13
115.989 5.47817e+13 5.76563e+13
116.314 5.47817e+13 5.76563e+13
116.639 5.47817e+13 5.76563e+13
116.964 5.47817e+13 5.76563e+13
117.289 5.47817e+13 5.76563e+13
117.614 5.47817e+13 5.76563e+13
117.939 5.47817e+13 5.76563e+13
118.264 5.47817e+13 5.76563e+13
118.589 5.47817e+13 5.76563e+13
118.913 5.47817e+13 5.76563e+13
119.238 5.47817e+13 5.76563e+13
119.563 5.47817e+13 5.76563e+13
119.888 1.55108e+13 4.38911e+13
120.213 1.55108e+13 4.38911e+13
120.538 1.55108e+13 4.38911e+13
120.863 1.55108e+13 4.38911e+13
121.188 1.55108e+13 4.38911e+13
121.513 1.55108e+13 4.38911e+13
121.837 1.55108e+13 4.38911e+13
122.162 1.55108e+13 4.38911e+13
122.487 1.55108e+13 4.38911e+13
122.812 1.55108e+13 4.38911e+13
123.137 1.55108e+13 4.38911e+13
123.462 1.55108e+13 4.38911e+13
123.787 1.55108e+13 4.38911e+13
124.112 1.55108e+13 4.38911e+13
124.437 1.55108e+13 4.38911e+13
124.762 1.55108e+13 4.38911e+13
125.087 1.55108e+13 4.38911e+13
125.411 1.55108e+13 4.38911e+13
125.736 1.55108e+13 4.38911e+13
126.061 1.55108e+13 4.38911e+13
126.386 1.55108e+13 4.38911e+13
126.711 1.55108e+13 4.38911e+13
127.036 1.55108e+13 4.38911e+13
127.361 1.55108e+13 4.38911e+13
127.686 1.55108e+13 4.38911e+13
128.011 1.55108e+13 4.38911e+13
128.335 1.55108e+13 4.38911e+13
128.66 1.55108e+13 4.38911e+13
128.985 1.55108e+13 4.38911e+13
129.31 1.55108e+13 4.38911e+13
129.635 1.55108e+13 4.38911e+13
129.96 1.55108e+13 4.38911e+13
130.285 1.55108e+13 4.38911e+13
130.61 1.55108e+13 4.38911e+13
130.935 1.55108e+13 4.38911e+13
131.26 1.55108e+13 4.38911e+13
131.585 1.55108e+13 4.38911e+13
131.909 1.55108e+13 4.38911e+13
132.234 1.55108e+13 4.38911e+13
132.559 1.55108e+13 4.38911e+13
132.884 1.55108e+13 4.38911e+13
133.209 1.55108e+13 4.38911e+13
133.534 1.55108e+13 4.38911e+13
133.859 1.55108e+13 4.38911e+13
134.184 1.55108e+13 4.38911e+13
134.509 1.55108e+13 4.38911e+13
134.833 1.55108e+13 4.38911e+13
135.158 1.55108e+13 4.38911e+13
135.483 1.55108e+13 4.38911e+13
135.808 1.55108e+13 4.38911e+13
136.133 1.55108e+13 4.38911e+13
136.458 1.55108e+13 4.38911e+13
136.783 1.55108e+13 4.38911e+13
137.108 1.81698e+13 2.92755e+13
137.433 1.81698e+13 2.92755e+13
137.758 1.81698e+13 2.92755e+13
138.082 1.81698e+13 2.92755e+13
138.407 1.81698e+13 2.92755e+13
138.732 1.81698e+13 2.92755e+13
139.057 1.81698e+13 2.92755e+13
139.382 1.81698e+13 2.92755e+13
139.707 1.81698e+13 2.92755e+13
140.032 1.81698e+13 2.92755e+13
140.357 1.81698e+13 2.92755e+13
140.682 1.81698e+13 2.92755e+13
141.007 1.81698e+13 2.92755e+13
141.331 1.81698e+13 2.92755e+13
141.656 1.81698e+13 2.92755e+13
141.981 1.81698e+13 2.92755e+13
142.306 1.81698e+13 2.92755e+13
142.631 1.81698e+13 2.92755e+13
142.956 1.81698e+13 2.92755e+13
143.281 1.81698e+13 2.92755e+13
143.606 1.81698e+13 2.92755e+13
143.931 1.81698e+13 2.92755e+13
144.256 1.81698e+13 2.92755e+13
144.581 1.81698e+13 2.92755e+13
144.905 1.81698e+13 2.92755e+13
145.23 1.81698e+13 2.92755e+13
145.555 1.81698e+13 2.92755e+13
145.88 1.81698e+13 2.92755e+13
146.205 1.81698e+13 2.92755e+13
146.53 1.81698e+13 2.92755e+13
146.855 1.81698e+13 2.92755e+13
147.18 1.81698e+13 2.92755e+13
147.505 1.81698e+13 2.92755e+13
147.829 1.81698e+13 2.92755e+13
148.154 1.81698e+13 2.92755e+13
148.479 1.81698e+13 2.92755e+13
148.804 1.81698e+13 2.92755e+13
149.129 1.81698e+13 2.92755e+13
149.454 1.81698e+13 2.92755e+13
149.779 1.81698e+13 2.92755e+13
150.104 1.81698e+13 2.92755e+13
150.429 1.81698e+13 2.92755e+13
150.754 1.81698e+13 2.92755e+13
151.078 1.81698e+13 2.92755e+13
151.403 1.81698e+13 2.92755e+13
151.728 1.81698e+13 2.92755e+13
152.053 1.81698e+13 2.92755e+13
152.378 1.81698e+13 2.92755e+13
152.703 1.81698e+13 2.92755e+13
153.028 1.81698e+13 2.92755e+13
153.353 1.81698e+13 2.92755e+13
153.678 1.81698e+13 2.92755e+13
154.003 1.83924e+13 2.69183e+13
154.327 1.83924e+13 2.69183e+13
154.652 1.83924e+13 2.69183e+13
154.977 1.83924e+13 2.69183e+13
155.302 1.83924e+13 2.69183e+13
155.627 1.83924e+13 2.69183e+13
155.952 1.83924e+13 2.69183e+13
156.277 1.83924e+13 2.69183e+13
156.602 1.83924e+13 2.69183e+13
156.927 1.83924e+13 2.69183e+13
157.252 1.83924e+13 2.69183e+13
157.576 1.83924e+13 2.69183e+13
157.901 1.83924e+13 2.69183e+13
158.226 1.83924e+13 2.69183e+13
158.551 1.83924e+13 2.69183e+13
158.876 1.83924e+13 2.69183e+13
159.201 1.83924e+13 2.69183e+13
159.526 1.83924e+13 2.69183e+13
159.851 1.83924e+13 2.69183e+13
160.176 1.83924e+13 2.69183e+13
160.501 1.83924e+13 2.69183e+13
160.826 1.83924e+13 2.69183e+13
161.15 1.83924e+13 2.69183e+13
161.475 1.83924e+13 2.69183e+13
161.8 1.83924e+13 2.69183e+13
162.125 1.83924e+13 2.69183e+13
162.45 1.83924e+13 2.69183e+13
162.775 1.83924e+13 2.69183e+13
163.1 1.83924e+13 2.69183e+13
163.425 1.83924e+13 2.69183e+13
163.75 1.83924e+13 2.69183e+13
164.074 1.83924e+13 2.69183e+13
164.399 1.83924e+13 2.69183e+13
164.724 1.83924e+13 2.69183e+13
165.049 1.83924e+13 2.69183e+13
165.374 1.83924e+13 2.69183e+13
165.699 1.83924e+13 2.69183e+13
166.024 1.83924e+13 2.69183e+13
166.349 1.83924e+13 2.69183e+13
166.674 1.83924e+13 2.69183e+13
166.999 1.83924e+13 2.69183e+13
167.324 1.83924e+13 2.69183e+13
167.648 1.83924e+13 2.69183e+13
167.973 1.83924e+13 2.69183e+13
168.298 1.83924e+13 2.69183e+13
168.623 1.83924e+13 2.69183e+13
168.948 1.83924e+13 2.69183e+13
169.273 1.83924e+13 2.69183e+13
169.598 1.83924e+13 2.69183e+13
169.923 1.83924e+13 2.69183e+13
170.248 1.83924e+13 2.69183e+13
170.572 1.83924e+13 2.69183e+13
170.897 1.83924e+13 2.69183e+13
171.222 1.81653e+13 2.92646e+13
171.547 1.81653e+13 2.92646e+13
171.872 1.81653e+13 2.92646e+13
172.197 1.81653e+13 2.92646e+13
172.522 1.81653e+13 2.92646e+13
172.847 1.81653e+13 2.92646e+13
173.172 1.81653e+13 2.92646e+13
173.497 1.81653e+13 2.92646e+13
173.822 1.81653e+13 2.92646e+13
174.146 1.81653e+13 2.92646e+13
174.471 1.81653e+13 2.92646e+13
174.796 1.81653e+13 2.92646e+13
175.121 1.81653e+13 2.92646e+13
175.446 1.81653e+13 2.92646e+13
175.771 1.81653e+13 2.92646e+13
176.096 1.81653e+13 2.92646e+13
176.421 1.81653e+13 2.92646e+13
176.746 1.81653e+13 2.92646e+13
177.07 1.81653e+13 2.92646e+13
177.395 1.81653e+13 2.92646e+13
177.72 1.81653e+13 2.92646e+13
178.045 1.81653e+13 2.92646e+13
178.37 1.81653e+13 2.92646e+13
178.695 1.81653e+13 2.92646e+13
179.02 1.81653e+13 2.92646e+13
179.345 1.81653e+13 2.92646e+13
179.67 1.81653e+13 2.92646e+13
179.995 1.81653e+13 2.92646e+13
180.319 1.81653e+13 2.92646e+13
180.644 1.81653e+13 2.92646e+13
180.969 1.81653e+13 2.92646e+13
181.294 1.81653e+13 2.92646e+13
181.619 1.81653e+13 2.92646e+13
181.944 1.81653e+13 2.92646e+13
182.269 1.81653e+13 2.92646e+13
182.594 1.81653e+13 2.92646e+13
182.919 1.81653e+13 2.92646e+13
183.244 1.81653e+13 2.92646e+13
183.568 1.81653e+13 2.92646e+13
183.893 1.81653e+13 2.92646e+13
184.218 1.81653e+13 2.92646e+13
184.543 1.81653e+13 2.92646e+13
184.868 1.81653e+13 2.92646e+13
185.193 1.81653e+13 2.92646e+13
185.518 1.81653e+13 2.92646e+13
185.843 1.81653e+13 2.92646e+13
186.168 1.81653e+13 2.92646e+13
186.493 1.81653e+13 2.92646e+13
186.818 1.81653e+13 2.92646e+13
187.142 1.81653e+13 2.92646e+13
187.467 1.81653e+13 2.92646e+13
187.792 1.81653e+13 2.92646e+13
188.117 1.55039e+13 4.3862e+13
188.442 1.55039e+13 4.3862e+13
188.767 1.55039e+13 4.3862e+13
189.092 1.55039e+13 4.3862e+13
189.417 1.55039e+13 4.3862e+13
189.742 1.55039e+13 4.3862e+13
190.066 1.55039e+13 4.3862e+13
190.391 1.55039e+13 4.3862e+13
190.716 1.55039e+13 4.3862e+13
191.041 1.55039e+13 4.3862e+13
191.366 1.55039e+13 4.3862e+13
191.691 1.55039e+13 4.3862e+13
192.016 1.55039e+13 4.3862e+13
192.341 1.55039e+13 4.3862e+13
192.666 1.55039e+13 4.3862e+13
192.991 1.55039e+13 4.3862e+13
193.315 1.55039e+13 4.3862e+13
193.64 1.55039e+13 4.3862e+13
193.965 1.55039e+13 4.3862e+13
194.29 1.55039e+13 4.3862e+13
194.615 1.55039e+13 4.3862e+13
194.94 1.55039e+13 4.3862e+13
195.265 1.55039e+13 4.3862e+13
195.59 1.55039e+13 4.3862e+13
195.915 1.55039e+13 4.3862e+13
196.24 1.55039e+13 4.3862e+13
196.564 1.55039e+13 4.3862e+13
196.889 1.55039e+13 4.3862e+13
197.214 1.55039e+13 4.3862e+13
197.539 1.55039e+13 4.3862e+13
197.864 1.55039e+13 4.3862e+13
198.189 1.55039e+13 4.3862e+13
198.514 1.55039e+13 4.3862e+13
198.839 1.55039e+13 4.3862e+13
199.164 1.55039e+13 4.3862e+13
199.489 1.55039e+13 4.3862e+13
199.813 1.55039e+13 4.3862e+13
200.138 1.55039e+13 4.3862e+13
200.463 1.55039e+13 4.3862e+13
200.788 1.55039e+13 4.3862e+13
201.113 1.55039e+13 4.3862e+13
201.438 1.55039e+13 4.3862e+13
201.763 1.55039e+13 4.3862e+13
202.088 1.55039e+13 4.3862e+13
202.413 1.55039e+13 4.3862e+13
202.738 1.55039e+13 4.3862e+13
203.062 1.55039e+13 4.3862e+13
203.387 1.55039e+13 4.3862e+13
203.712 1.55039e+13 4.3862e+13
204.037 1.55039e+13 4.3862e+13
204.362 1.55039e+13 4.3862e+13
204.687 1.55039e+13 4.3862e+13
205.012 1.55039e+13 4.3862e+13
205.337 5.47526e+13 5.76095e+13
205.662 5.47526e+13 5.76095e+13
205.987 5.47526e+13 5.76095e+13
206.311 5.47526e+13 5.76095e+13
206.636 5.47526e+13 5.76095e+13
206.961 5.47526e+13 5.76095e+13
207.286 5.47526e+13 5.76095e+13
207.611 5.47526e+13 5.76095e+13
207.936 5.47526e+13 5.76095e+13
208.261 5.47526e+13 5.76095e+13
208.586 5.47526e+13 5.76095e+13
208.911 5.47526e+13 5.76095e+13
209.236 5.47526e+13 5.76095e+13
209.561 5.47526e+13 5.76095e+13
209.885 5.47526e+13 5.76095e+13
210.21 5.47526e+13 5.76095e+13
210.535 5.47526e+13 5.76095e+13
210.86 5.47526e+13 5.76095e+13
211.185 5.47526e+13 5.76095e+13
211.51 5.47526e+13 5.76095e+13
211.835 5.47526e+13 5.76095e+13
212.16 5.47526e+13 5.76095e+13
212.485 5.47526e+13 5.76095e+13
212.809 5.47526e+13 5.76095e+13
213.134 5.47526e+13 5.76095e+13
213.459 5.47526e+13 5.76095e+13
213.784 5.47526e+13 5.76095e+13
214.109 5.47526e+13 5.76095e+13
214.434 5.47526e+13 5.76095e+13
214.759 5.47526e+13 5.76095e+13
215.084 5.47526e+13 5.76095e+13
215.409 5.47526e+13 5.76095e+13
215.734 5.47526e+13 5.76095e+13
216.059 5.47526e+13 5.76095e+13
216.383 5.47526e+13 5.76095e+13
216.708 5.47526e+13 5.76095e+13
217.033 5.47526e+13 5.76095e+13
217.358 5.47526e+13 5.76095e+13
217.683 5.47526e+13 5.76095e+13
218.008 5.47526e+13 5.76095e+13
218.333 5.47526e+13 5.76095e+13
218.658 5.47526e+13 5.76095e+13
218.983 5.47526e+13 5.76095e+13
219.307 5.47526e+13 5.76095e+13
219.632 5.47526e+13 5.76095e+13
219.957 5.47526e+13 5.76095e+13
220.282 5.47526e+13 5.76095e+13
220.607 5.47526e+13 5.76095e+13
220.932 5.47526e+13 5.76095e+13
221.257 5.47526e+13 5.76095e+13
221.582 5.47526e+13 5.76095e+13
221.907 5.47526e+13 5.76095e+13
222.232 5.47526e+13 5.76095e+13
222.556 6.96994e+13 7.08683e+13
222.881 6.96994e+13 7.08683e+13
223.206 6.96994e+13 7.08683e+13
223.531 6.96994e+13 7.08683e+13
223.856 6.96994e+13 7.08683e+13
224.181 6.96994e+13 7.08683e+13
224.506 6.96994e+13 7.08683e+13
224.831 6.96994e+13 7.08683e+13
225.156 6.96994e+13 7.08683e+13
225.481 6.96994e+13 7.08683e+13
225.805 6.96994e+13 7.08683e+13
226.13 6.96994e+13 7.08683e+13
226.455 6.96994e+13 7.08683e+13
226.78 6.96994e+13 7.08683e+13
227.105 6.96994e+13 7.08683e+13
227.43 6.96994e+13 7.08683e+13
227.755 6.96994e+13 7.08683e+13
228.08 6.96994e+13 7.08683e+13
228.405 6.96994e+13 7.08683e+13
228.73 6.96994e+13 7.08683e+13
229.055 6.96994e+13 7.08683e+13
229.379 6.96994e+13 7.08683e+13
229.704 6.96994e+13 7.08683e+13
230.029 6.96994e+13 7.08683e+13
230.354 6.96994e+13 7.08683e+13
230.679 6.96994e+13 7.08683e+13
231.004 6.96994e+13 7.08683e+13
231.329 6.96994e+13 7.08683e+13
231.654 6.96994e+13 7.08683e+13
231.979 6.96994e+13 7.08683e+13
232.303 6.96994e+13 7.08683e+13
232.628 6.96994e+13 7.08683e+13
232.953 6.96994e+13 7.08683e+13
233.278 6.96994e+13 7.08683e+13
233.603 6.96994e+13 7.08683e+13
233.928 6.96994e+13 7.08683e+13
234.253 6.96994e+13 7.08683e+13
234.578 6.96994e+13 7.08683e+13
234.903 6.96994e+13 7.08683e+13
235.228 6.96994e+13 7.08683e+13
235.552 6.96994e+13 7.08683e+13
235.877 6.96994e+13 7.08683e+13
236.202 6.96994e+13 7.08683e+13
236.527 6.96994e+13 7.08683e+13
236.852 6.96994e+13 7.08683e+13
237.177 6.96994e+13 7.08683e+13
237.502 6.96994e+13 7.08683e+13
237.827 6.96994e+13 7.08683e+13
238.152 6.96994e+13 7.08683e+13
238.477 6.96994e+13 7.08683e+13
238.801 6.96994e+13 7.08683e+13
239.126 6.96994e+13 7.08683e+13
239.451 4.88381e+13 6.74214e+13
239.776 4.88381e+13 6.74214e+13
240.101 4.88381e+13 6.74214e+13
240.426 4.88381e+13 6.74214e+13
240.751 4.88381e+13 6.74214e+13
241.076 4.88381e+13 6.74214e+13
241.401 4.88381e+13 6.74214e+13
241.726 4.88381e+13 6.74214e+13
242.051 4.88381e+13 6.74214e+13
242.375 4.88381e+13 6.74214e+13
242.7 4.88381e+13 6.74214e+13
243.025 4.88381e+13 6.74214e+13
243.35 4.88381e+13 6.74214e+13
243.675 4.88381e+13 6.74214e+13
244 4.88381e+13 6.74214e+13
244.325 4.88381e+13 6.74214e+13
244.65 4.88381e+13 6.74214e+13
244.975 4.88381e+13 6.74214e+13
245.299 4.88381e+13 6.74214e+13
245.624 4.88381e+13 6.74214e+13
245.949 4.88381e+13 6.74214e+13
246.274 4.88381e+13 6.74214e+13
246.599 4.88381e+13 6.74214e+13
246.924 4.88381e+13 6.74214e+13
247.249 4.88381e+13 6.74214e+13
247.574 4.88381e+13 6.74214e+13
247.899 4.88381e+13 6.74214e+13
248.224 4.88381e+13 6.74214e+13
248.548 4.88381e+13 6.74214e+13
248.873 4.88381e+13 6.74214e+13
249.198 4.88381e+13 6.74214e+13
249.523 4.88381e+13 6.74214e+13
249.848 4.88381e+13 6.74214e+13
250.173 4.88381e+13 6.74214e+13
250.498 4.88381e+13 6.74214e+13
250.823 4.88381e+13 6.74214e+13
251.148 4.88381e+13 6.74214e+13
251.473 4.88381e+13 6.74214e+13
251.798 4.88381e+13 6.74214e+13
252.122 4.88381e+13 6.74214e+13
252.447 4.88381e+13 6.74214e+13
252.772 4.88381e+13 6.74214e+13
253.097 4.88381e+13 6.74214e+13
253.422 4.88381e+13 6.74214e+13
253.747 4.88381e+13 6.74214e+13
254.072 4.88381e+13 6.74214e+13
254.397 4.88381e+13 6.74214e+13
254.722 4.88381e+13 6.74214e+13
255.046 4.88381e+13 6.74214e+13
255.371 4.88381e+13 6.74214e+13
255.696 4.88381e+13 6.74214e+13
256.021 4.88381e+13 6.74214e+13
256.346 4.88381e+13 6.74214e+13
256.671 2.65585e+13 3.15298e+13
256.996 2.65585e+13 3.15298e+13
257.321 2.65585e+13 3.15298e+13
257.646 2.65585e+13 3.15298e+13
257.971 2.65585e+13 3.15298e+13
258.296 2.65585e+13 3.15298e+13
258.62 2.65585e+13 3.15298e+13
258.945 2.65585e+13 3.15298e+13
259.27 2.65585e+13 3.15298e+13
259.595 2.65585e+13 3.15298e+13
259.92 2.65585e+13 3.15298e+13
260.245 2.65585e+13 3.15298e+13
260.57 2.65585e+13 3.15298e+13
260.895 2.65585e+13 3.15298e+13
261.22 2.65585e+13 3.15298e+13
261.544 2.65585e+13 3.15298e+13
261.869 2.65585e+13 3.15298e+13
262.194 2.65585e+13 3.15298e+13
262.519 2.65585e+13 3.15298e+13
262.844 2.65585e+13 3.15298e+13
263.169 2.65585e+13 3.15298e+13
263.494 2.65585e+13 3.15298e+13
263.819 2.65585e+13 3.15298e+13
264.144 2.65585e+13 3.15298e+13
264.469 2.65585e+13 3.15298e+13
264.793 2.65585e+13 3.15298e+13
265.118 2.65585e+13 3.15298e+13
265.443 2.65585e+13 3.15298e+13
265.768 2.65585e+13 3.15298e+13
266.093 2.65585e+13 3.15298e+13
266.418 2.65585e+13 3.15298e+13
266.743 2.65585e+13 3.15298e+13
267.068 2.65585e+13 3.15298e+13
267.393 2.65585e+13 3.15298e+13
267.718 2.65585e+13 3.15298e+13
268.042 2.65585e+13 3.15298e+13
268.367 2.65585e+13 3.15298e+13
268.692 2.65585e+13 3.15298e+13
269.017 2.65585e+13 3.15298e+13
269.342 2.65585e+13 3.15298e+13
269.667 2.65585e+13 3.15298e+13
269.992 2.65585e+13 3.15298e+13
270.317 2.65585e+13 3.15298e+13
270.642 2.65585e+13 3.15298e+13
270.967 2.65585e+13 3.15298e+13
271.292 2.65585e+13 3.15298e+13
271.616 2.65585e+13 3.15298e+13
271.941 2.65585e+13 3.15298e+13
272.266 2.65585e+13 3.15298e+13
272.591 2.65585e+13 3.15298e+13
272.916 2.65585e+13 3.15298e+13
273.241 2.65585e+13 3.15298e+13
273.566 2.65585e+13 3.15298e+13
273.891 8.32644e+12 8.93282e+12
274.216 8.32644e+12 8.93282e+12
274.54 8.32644e+12 8.93282e+12
274.865 8.32644e+12 8.93282e+12
275.19 8.32644e+12 8.93282e+12
275.515 8.32644e+12 8.93282e+12
275.84 8.32644e+12 8.93282e+12
276.165 8.32644e+12 8.93282e+12
276.49 8.32644e+12 8.93282e+12
276.815 8.32644e+12 8.93282e+12
277.14 8.32644e+12 8.93282e+12
277.465 8.32644e+12 8.93282e+12
277.789 8.32644e+12 8.93282e+12
278.114 8.32644e+12 8.93282e+12
278.439 8.32644e+12 8.93282e+12
278.764 8.32644e+12 8.93282e+12
279.089 8.32644e+12 8.93282e+12
279.414 8.32644e+12 8.93282e+12
279.739 8.32644e+12 8.93282e+12
280.064 8.32644e+12 8.93282e+12
280.389 8.32644e+12 8.93282e+12
280.714 8.32644e+12 8.93282e+12
281.039 8.32644e+12 8.93282e+12
281.363 8.32644e+12 8.93282e+12
281.688 8.32644e+12 8.93282e+12
282.013 8.32644e+12 8.93282e+12
282.338 8.32644e+12 8.93282e+12
282.663 8.32644e+12 8.93282e+12
282.988 8.32644e+12 8.93282e+12
283.313 8.32644e+12 8.93282e+12
283.638 8.32644e+12 8.93282e+12
283.963 8.32644e+12 8.93282e+12
284.288 8.32644e+12 8.93282e+12
284.612 8.32644e+12 8.93282e+12
284.937 8.32644e+12 8.93282e+12
285.262 8.32644e+12 8.93282e+12
285.587 8.32644e+12 8.93282e+12
285.912 8.32644e+12 8.93282e+12
286.237 8.32644e+12 8.93282e+12
286.562 8.32644e+12 8.93282e+12
286.887 8.32644e+12 8.93282e+12
287.212 8.32644e+12 8.93282e+12
287.536 8.32644e+12 8.93282e+12
287.861 8.32644e+12 8.93282e+12
288.186 8.32644e+12 8.93282e+12
288.511 8.32644e+12 8.93282e+12
288.836 8.32644e+12 8.93282e+12
289.161 8.32644e+12 8.93282e+12
289.486 8.32644e+12 8.93282e+12
289.811 8.32644e+12 8.93282e+12
290.136 8.32644e+12 8.93282e+12
290.461 8.32644e+12 8.93282e+12
290.785 8.99368e+11 9.28411e+11
291.11 8.99368e+11 9.28411e+11
291.435 8.99368e+11 9.28411e+11
291.76 8.99368e+11 9.28411e+11
292.085 8.99368e+11 9.28411e+11
292.41 8.99368e+11 9.28411e+11
292.735 8.99368e+11 9.28411e+11
293.06 8.99368e+11 9.28411e+11
293.385 8.99368e+11 9.28411e+11
293.71 8.99368e+11 9.28411e+11
294.034 8.99368e+11 9.28411e+11
294.359 8.99368e+11 9.28411e+11
294.684 8.99368e+11 9.28411e+11
295.009 8.99368e+11 9.28411e+11
295.334 8.99368e+11 9.28411e+11
295.659 8.99368e+11 9.28411e+11
295.984 8.99368e+11 9.28411e+11
296.309 8.99368e+11 9.28411e+11
296.634 8.99368e+11 9.28411e+11
296.959 8.99368e+11 9.28411e+11
297.284 8.99368e+11 9.28411e+11
297.608 8.99368e+11 9.28411e+11
297.933 8.99368e+11 9.28411e+11
298.258 8.99368e+11 9.28411e+11
298.583 8.99368e+11 9.28411e+11
298.908 8.99368e+11 9.28411e+11
299.233 8.99368e+11 9.28411e+11
299.558 8.99368e+11 9.28411e+11
299.883 8.99368e+11 9.28411e+11
300.208 8.99368e+11 9.28411e+11
300.533 8.99368e+11 9.28411e+11
300.857 8.99368e+11 9.28411e+11
301.182 8.99368e+11 9.28411e+11
301.507 8.99368e+11 9.28411e+11
301.832 8.99368e+11 9.28411e+11
302.157 8.99368e+11 9.28411e+11
302.482 8.99368e+11 9.28411e+11
302.807 8.99368e+11 9.28411e+11
303.132 8.99368e+11 9.28411e+11
303.457 8.99368e+11 9.28411e+11
303.781 8.99368e+11 9.28411e+11
304.106 8.99368e+11 9.28411e+11
304.431 8.99368e+11 9.28411e+11
304.756 8.99368e+11 9.28411e+11
305.081 8.99368e+11 9.28411e+11
305.406 8.99368e+11 9.28411e+11
305.731 8.99368e+11 9.28411e+11
306.056 8.99368e+11 9.28411e+11
306.381 8.99368e+11 9.28411e+11
306.706 8.99368e+11 9.28411e+11
307.031 8.99368e+11 9.28411e+11
307.355 8.99368e+11 9.28411e+11
307.68 8.99368e+11 9.28411e+11
308.005 4.17387e+10 4.55865e+10
308.33 4.17387e+10 4.55865e+10
308.655 4.17387e+10 4.55865e+10
308.98 4.17387e+10 4.55865e+10
309.305 4.17387e+10 4.55865e+10
309.63 4.17387e+10 4.55865e+10
309.955 4.17387e+10 4.55865e+10
310.279 4.17387e+10 4.55865e+10
310.604 4.17387e+10 4.55865e+10
310.929 4.17387e+10 4.55865e+10
311.254 4.17387e+10 4.55865e+10
311.579 4.17387e+10 4.55865e+10
311.904 4.17387e+10 4.55865e+10
312.229 4.17387e+10 4.55865e+10
312.554 4.17387e+10 4.55865e+10
312.879 4.17387e+10 4.55865e+10
313.204 4.17387e+10 4.55865e+10
313.529 4.17387e+10 4.55865e+10
313.853 4.17387e+10 4.55865e+10
314.178 4.17387e+10 4.55865e+10
314.503 4.17387e+10 4.55865e+10
314.828 4.17387e+10 4.55865e+10
315.153 4.17387e+10 4.55865e+10
315.478 4.17387e+10 4.55865e+10
315.803 4.17387e+10 4.55865e+10
316.128 4.17387e+10 4.55865e+10
316.453 4.17387e+10 4.55865e+10
316.777 4.17387e+10 4.55865e+10
317.102 4.17387e+10 4.55865e+10
317.427 4.17387e+10 4.55865e+10
317.752 4.17387e+10 4.55865e+10
318.077 4.17387e+10 4.55865e+10
318.402 4.17387e+10 4.55865e+10
318.727 4.17387e+10 4.55865e+10
319.052 4.17387e+10 4.55865e+10
319.377 4.17387e+10 4.55865e+10
319.702 4.17387e+10 4.55865e+10
320.026 4.17387e+10 4.55865e+10
320.351 4.17387e+10 4.55865e+10
320.676 4.17387e+10 4.55865e+10
321.001 4.17387e+10 4.55865e+10
321.326 4.17387e+10 4.55865e+10
321.651 4.17387e+10 4.55865e+10
321.976 4.17387e+10 4.55865e+10
322.301 4.17387e+10 4.55865e+10
322.626 4.17387e+10 4.55865e+10
322.951 4.17387e+10 4.55865e+10
323.276 4.17387e+10 4.55865e+10
323.6 4.17387e+10 4.55865e+10
323.925 4.17387e+10 4.55865e+10
324.25 4.17387e+10 4.55865e+10
324.575 4.17387e+10 4.55865e+10
324.9 4.17387e+10 4.55865e+10
